 <pre>

 Contingency table for Rh2m (%)
 Selection: ALL   1004 stations
Period: 20250702-20250714
Used {00,12} + 00 01 ... 36
 Limits    30.000000000000000        50.000000000000000        65.000000000000000        75.000000000000000        85.000000000000000        95.000000000000000        100.00000000000000     
 Each class is data <= limit, the very last > last limit
 Total number of values      653407
                                              OBSERVATION
                                   3148     1987      137       14        6        1        0        0 |      5293
                                   3484    41460    13279     2035      719      254       25        0 |     61256
                                    206    23937    57840    22180     7215     2720      463        0 |    114561
                      rednmc02       16     3143    26348    40664    25726     8597     1716        0 |    106210
                                      2      908     8680    27152    53704    33605     6276        0 |    130327
                                      0      356     3104     9139    33223    75968    30014        0 |    151804
                                      0       34      552     1499     5845    28155    43622        0 |     79707
                                      0        0        0       28      178     1033     3010        0 |      4249

                    SUM            6856    71825   109940   102711   126616   150333    85126        0 |    653407
                                              OBSERVATION
                                   3600     2321      150       21        5        1        0        0 |      6098
                                   3127    45296    15506     2433      858      355       41        0 |     67616
                                    120    20997    60795    24823     8142     3008      530        0 |    118415
                      QinLSMIX        8     2241    23808    41693    28213     9685     1833        0 |    107481
                                      1      726     6937    24888    53988    35753     6806        0 |    129099
                                      0      222     2373     7595    30243    74525    30871        0 |    145829
                                      0       22      371     1235     4981    25972    42037        0 |     74618
                                      0        0        0       23      186     1034     3008        0 |      4251

                    SUM            6856    71825   109940   102711   126616   150333    85126        0 |    653407

