 <pre>

 Contingency table for Cloud base (m)
 Selection: ALL    634 stations
Period: 20250702-20250714
Used {00,12} + 01 02 ... 36
 Limits    70.000000000000000        150.00000000000000        300.00000000000000        600.00000000000000        1000.0000000000000        1500.0000000000000        2500.0000000000000        5000.0000000000000     
 Each class is data <= limit, the very last > last limit
 Total number of values      313979
                                                       OBSERVATION
                                   1122     1164      873      321      101       39       56      121      700 |      4497
                                    674     1808     1440      731      215       72       43       65      162 |      5210
                                    670     3028     5951     3431      997      353      240      255      484 |     15409
                                    339     1254     5199     9341     3715     1145      775      647      893 |     23308
                      rednmc02      246      792     2298     6404     7997     3340     1679     1072     1892 |     25720
                                    282      587     1678     3528     5931     7559     4253     1913     3385 |     29116
                                    365      710     1770     3272     4271     5852    11104     5295     5757 |     38396
                                    180      297      788     1830     3269     2543     4903    11920     3540 |     29270
                                   1063      924     2022     5804    11548    11919    12261    17261    80251 |    143053

                    SUM            4941    10564    22019    34662    38044    32822    35314    38549    97064 |    313979
                                                       OBSERVATION
                                   1077     1192      850      349      100       63       67      129      670 |      4497
                                    642     1734     1315      587      191       59       34       82      153 |      4797
                                    664     2903     5498     3239      877      272      243      232      400 |     14328
                                    344     1366     5304     9006     3129     1025      636      565      691 |     22066
                      QinLSMIX      267      778     2420     6619     7913     2932     1556      932     1555 |     24972
                                    257      582     1720     3535     6040     7491     3731     1709     2715 |     27780
                                    326      666     1770     3239     4295     5917    10972     4756     4864 |     36805
                                    211      326      976     1989     3282     2600     5206    11812     3094 |     29496
                                   1153     1017     2166     6099    12217    12463    12869    18332    82922 |    149238

                    SUM            4941    10564    22019    34662    38044    32822    35314    38549    97064 |    313979

