 <pre>

 Contingency table for Visibility (m)
 Selection: ALL    697 stations
Period: 20250702-20250714
Used {00,12} + 00 01 ... 36
 Limits    1000.0000000000000        5000.0000000000000        10000.000000000000        20000.000000000000     
 Each class is data <= limit, the very last > last limit
 Total number of values      409842
                                     OBSERVATION
                                    886      676      481      717      869 |      3629
                                    839     3212     4354     6412     5223 |     20040
                      rednmc02      823     4035     7351    17452    20363 |     50024
                                    452     2649     7221    24787    55116 |     90225
                                    508     2124    10082    54459   178751 |    245924

                    SUM            3508    12696    29489   103827   260322 |    409842
                                     OBSERVATION
                                    815      688      459      790      843 |      3595
                                    822     3051     4077     5806     4520 |     18276
                      QinLSMIX      817     3847     7198    16619    18705 |     47186
                                    504     2872     7365    24467    53031 |     88239
                                    550     2238    10390    56145   183223 |    252546

                    SUM            3508    12696    29489   103827   260322 |    409842

