 <pre>

 Contingency table for Cloud cover (octas)
 Selection: ALL    410 stations
Period: 20250702-20250720
Used {00,12} + 01 02 ... 36
 Limits   0.50000000000000000        1.5000000000000000        2.5000000000000000        3.5000000000000000        4.5000000000000000        5.5000000000000000        6.5000000000000000        7.5000000000000000     
 Each class is data <= limit, the very last > last limit
 Total number of values      310682
                                                       OBSERVATION
                                  25568     5419     4968     2948     1664     1899     1989     1890     3323 |     49668
                                   5151     1603     1721     1385      949     1175     1521     1640     2646 |     17791
                                   2834     1020     1144      997      745      980     1254     1486     2239 |     12699
                                   2184      806      970      839      725      965     1196     1529     2254 |     11468
                      rednmc02     1855      727      828      842      669      923     1184     1625     2518 |     11171
                                   1774      724      793      756      696      995     1295     1878     2931 |     11842
                                   1795      772      804      818      727      979     1522     2414     3897 |     13728
                                   2263      939     1052     1066      954     1470     2300     3907     6608 |     20559
                                   6316     3422     3462     3441     3655     5985    11136    35345    88994 |    161756

                    SUM           49740    15432    15742    13092    10784    15371    23397    51714   115410 |    310682
                                                       OBSERVATION
                                  26439     5648     5178     3073     1736     2038     2124     2011     3482 |     51729
                                   4956     1671     1867     1441     1020     1268     1580     1699     2642 |     18144
                                   2780     1013     1149     1023      772     1081     1300     1506     2461 |     13085
                                   2057      797      906      840      705      954     1238     1535     2363 |     11395
                      QinLSMIX     1858      760      834      828      678      918     1265     1712     2542 |     11395
                                   1800      729      805      797      734      963     1295     1911     2979 |     12013
                                   1760      731      821      818      714     1039     1578     2498     3984 |     13943
                                   2303      948     1058     1051      988     1422     2334     4136     6891 |     21131
                                   5787     3135     3124     3221     3437     5688    10683    34706    88066 |    157847

                    SUM           49740    15432    15742    13092    10784    15371    23397    51714   115410 |    310682

