 <pre>

 Contingency table for Low clouds (octas)
 Selection: ALL    632 stations
Period: 20250702-20250720
Used {00,12} + 01 02 ... 36
 Limits    1.0000000000000000        2.0000000000000000        3.0000000000000000        4.0000000000000000        5.0000000000000000        6.0000000000000000        7.0000000000000000     
 Each class is data <= limit, the very last > last limit
 Total number of values      489798
                                              OBSERVATION
                                 216054    11058     7540     5002     4790     4378     6059     8421 |    263302
                                  11438     1776     1546     1191     1161     1091     1663     2336 |     22202
                                   7408     1489     1333     1030      955      894     1410     1964 |     16483
                      rednmc02     5787     1242     1152      907      887      805     1406     1831 |     14017
                                   5017     1167     1095      834      806      797     1309     1876 |     12901
                                   4662     1147     1098      841      815      854     1585     2090 |     13092
                                   5934     1556     1425     1158     1178     1196     2156     3292 |     17895
                                  20870     8111     7893     7261     7785     8917    20707    48362 |    129906

                    SUM          277170    27546    23082    18224    18377    18932    36295    70172 |    489798
                                              OBSERVATION
                                 225483    11873     8139     5496     5239     4774     6631     9300 |    276935
                                   9505     1834     1577     1174     1171     1093     1668     2461 |     20483
                                   6398     1411     1289     1045      940      935     1505     2067 |     15590
                      QinLSMIX     4925     1223     1111      889      846      826     1362     1954 |     13136
                                   4358     1119     1063      872      785      810     1365     1967 |     12339
                                   4134     1080     1111      853      839      822     1573     2204 |     12616
                                   5081     1441     1318     1122     1213     1119     2225     3297 |     16816
                                  17286     7565     7474     6773     7344     8553    19966    46922 |    121883

                    SUM          277170    27546    23082    18224    18377    18932    36295    70172 |    489798

