 <pre>

 Contingency table for Low clouds (octas)
 Selection: ALL    633 stations
Period: 20250702-20250731
Used {00} + 01 02 ... 36
 Limits    1.00000000       2.00000000       3.00000000       4.00000000       5.00000000       6.00000000       7.00000000    
 Each class is data <= limit, the very last > last limit
 Total number of values      389011
                                              OBSERVATION
                                 159326     9580     6473     4384     4075     3693     5013     6811 |    199355
                                   9811     1695     1451     1122     1068      947     1529     1944 |     19567
                                   6356     1388     1166      965      877      806     1207     1641 |     14406
                      rednmc02     5094     1099     1077      852      831      727     1138     1512 |     12330
                                   4313     1057     1012      731      748      704     1140     1596 |     11301
                                   4030     1051     1026      832      765      740     1308     1710 |     11462
                                   5155     1410     1347     1095     1079     1039     1793     2732 |     15650
                                  17898     7211     7037     6408     6523     7457    16780    35626 |    104940

                    SUM          211983    24491    20589    16389    15966    16113    29908    53572 |    389011
                                              OBSERVATION
                                 167445    10301     7078     4817     4455     4102     5628     7657 |    211483
                                   8363     1658     1456     1149     1063     1019     1488     1982 |     18178
                                   5599     1299     1191      933      898      803     1294     1776 |     13793
             rednmc02_QinLSMIX     4258     1113     1086      829      820      745     1186     1613 |     11650
                                   3714     1002      983      852      786      757     1179     1639 |     10912
                                   3532     1016     1028      835      807      716     1331     1845 |     11110
                                   4487     1376     1241     1070     1057      980     1828     2708 |     14747
                                  14585     6726     6526     5904     6080     6991    15974    34352 |     97138

                    SUM          211983    24491    20589    16389    15966    16113    29908    53572 |    389011

