 <pre>

 Contingency table for Rh2m (%)
 Selection: ALL   1007 stations
Period: 20250702-20250731
Used {00} + 00 01 ... 36
 Limits    30.0000000       50.0000000       65.0000000       75.0000000       85.0000000       95.0000000       100.000000    
 Each class is data <= limit, the very last > last limit
 Total number of values      787159
                                              OBSERVATION
                                   3499     3934      220       28        6        1        0        0 |      7688
                                   3481    55861    19464     2888     1095      409       42        0 |     83240
                                    146    21957    63978    28223    10412     4405      972        0 |    130093
                      rednmc02       19     2973    28090    45467    33038    12805     3255        0 |    125647
                                      6      920     9859    30503    61106    42168    10087        0 |    154649
                                      0      360     3360    10682    38959    88934    40368       11 |    182674
                                      0       33      483     1640     6739    32680    56615       27 |     98217
                                      0        0        2       24      201      979     3745        0 |      4951

                    SUM            7151    86038   125456   119455   151556   182381   115084       38 |    787159
                                              OBSERVATION
                                   3975     5092      243       40       10        0        0        0 |      9360
                                   3071    60152    23373     3526     1374      561       74        0 |     92131
                                     93    18008    67443    32586    12209     5199     1257        0 |    136795
             rednmc02_QinLSMIX        9     1891    24117    46826    36386    14302     3695        0 |    127226
                                      3      677     7511    26696    61668    45717    11121        2 |    153395
                                      0      201     2426     8447    34137    86527    41465       12 |    173215
                                      0       17      342     1314     5591    29071    53789       24 |     90148
                                      0        0        1       20      181     1004     3683        0 |      4889

                    SUM            7151    86038   125456   119455   151556   182381   115084       38 |    787159

