 <pre>

 Contingency table for Rh2m (%)
 Selection: ALL   1005 stations
Period: 20250702-20250720
Used {00,12} + 00 01 ... 36
 Limits    30.000000000000000        50.000000000000000        65.000000000000000        75.000000000000000        85.000000000000000        95.000000000000000        100.00000000000000     
 Each class is data <= limit, the very last > last limit
 Total number of values      994431
                                              OBSERVATION
                                   6422     5640      250       33        8        2        0        0 |     12355
                                   6344    83755    24081     3683     1381      520       56        0 |    119820
                                    286    36083    86995    35524    13031     5537     1232        0 |    178688
                      rednmc02       35     4760    38132    56257    38668    15530     3819        0 |    157201
                                     11     1522    13616    38542    73886    48917    11122        1 |    187617
                                      0      562     4632    13483    47660   105792    45123        5 |    217257
                                      0       49      720     2008     8111    38702    65664       29 |    115283
                                      0        0        0       35      273     1343     4558        1 |      6210

                    SUM           13098   132371   168426   149565   183018   216343   131574       36 |    994431
                                              OBSERVATION
                                   7364     7286      308       46       16        1        0        0 |     15021
                                   5527    90772    28981     4543     1720      732      115        0 |    132390
                                    181    29661    91474    40490    15173     6550     1563        0 |    185092
                      QinLSMIX       19     3261    33538    57869    42743    17384     4190        0 |    159004
                                      7     1077    10390    34353    74269    52587    12248        1 |    184932
                                      0      288     3290    10703    42317   102929    46602        7 |    206136
                                      0       26      445     1536     6552    34835    62292       28 |    105714
                                      0        0        0       25      228     1325     4564        0 |      6142

                    SUM           13098   132371   168426   149565   183018   216343   131574       36 |    994431

