 <pre>

 Contingency table for Cloud cover (octas)
 Selection: ALL    410 stations
Period: 20250702-20250714
Used {00,12} + 01 02 ... 36
 Limits   0.50000000000000000        1.5000000000000000        2.5000000000000000        3.5000000000000000        4.5000000000000000        5.5000000000000000        6.5000000000000000        7.5000000000000000     
 Each class is data <= limit, the very last > last limit
 Total number of values      204689
                                                       OBSERVATION
                                  16865     3333     3283     2027     1143     1312     1428     1315     2274 |     32980
                                   2590      920     1035      864      584      765      981     1079     1692 |     10510
                                   1468      548      712      648      465      649      839      981     1407 |      7717
                                   1118      460      640      530      471      619      774     1008     1499 |      7119
                      rednmc02      988      416      528      541      444      633      774     1070     1695 |      7089
                                    978      428      515      470      444      643      879     1262     1944 |      7563
                                    959      440      501      524      484      651     1007     1653     2569 |      8788
                                   1218      546      646      683      608      958     1553     2639     4339 |     13190
                                   3415     2011     2025     2108     2238     3716     7041    24411    62768 |    109733

                    SUM           29599     9102     9885     8395     6881     9946    15276    35418    80187 |    204689
                                                       OBSERVATION
                                  17400     3490     3419     2122     1203     1424     1543     1371     2316 |     34288
                                   2478      927     1149      866      647      803     1008     1105     1712 |     10695
                                   1431      544      699      653      481      700      856      996     1553 |      7913
                                   1064      434      570      528      472      640      814     1034     1564 |      7120
                      QinLSMIX      951      431      523      547      418      611      821     1107     1672 |      7081
                                    957      422      510      489      475      622      848     1271     2000 |      7594
                                    885      412      507      522      463      670     1069     1683     2633 |      8844
                                   1251      568      623      660      613      921     1564     2759     4546 |     13505
                                   3182     1874     1885     2008     2109     3555     6753    24092    62191 |    107649

                    SUM           29599     9102     9885     8395     6881     9946    15276    35418    80187 |    204689

