 <pre>

 Contingency table for Cloud base (m)
 Selection: ALL    637 stations
Period: 20250702-20250720
Used {00,12} + 01 02 ... 36
 Limits    70.000000000000000        150.00000000000000        300.00000000000000        600.00000000000000        1000.0000000000000        1500.0000000000000        2500.0000000000000        5000.0000000000000     
 Each class is data <= limit, the very last > last limit
 Total number of values      474009
                                                       OBSERVATION
                                   2546     1876     1201      430      181       85      113      254     1136 |      7822
                                   1097     2516     1926      938      299      115       68      129      289 |      7377
                                    943     3864     7657     4480     1402      474      300      361      638 |     20119
                                    477     1586     6330    11476     4774     1397      942      874     1197 |     29053
                      rednmc02      387     1018     2796     7701     9752     4131     2018     1453     2554 |     31810
                                    473      733     2022     4237     7338     9172     5200     2591     4621 |     36387
                                    626      936     2175     4039     5508     7390    14550     7515    10517 |     53256
                                    323      529     1155     2557     4430     3484     6635    14966     5864 |     39943
                                   2539     1836     3166     8262    15916    16151    18723    25575   156074 |    248242

                    SUM            9411    14894    28428    44120    49600    42399    48549    53718   182890 |    474009
                                                       OBSERVATION
                                   2427     1876     1168      479      175       95      131      232     1033 |      7616
                                   1039     2398     1777      724      283       98       51      132      221 |      6723
                                    949     3645     7032     4053     1184      356      305      313      509 |     18346
                                    461     1647     6361    11030     4036     1233      756      734      927 |     27185
                      QinLSMIX      375     1032     2933     8047     9530     3502     1832     1232     2111 |     30594
                                    389      769     2084     4292     7513     9130     4546     2331     3692 |     34746
                                    560      891     2226     4007     5540     7683    14446     6845     8346 |     50544
                                    375      567     1338     2761     4406     3500     6913    14846     5053 |     39759
                                   2836     2069     3509     8727    16933    16802    19569    27053   160998 |    258496

                    SUM            9411    14894    28428    44120    49600    42399    48549    53718   182890 |    474009

