 <pre>

 Contingency table for Cloud cover (octas)
 Selection: ALL    411 stations
Period: 20250702-20250731
Used {00} + 01 02 ... 36
 Limits   0.500000000       1.50000000       2.50000000       3.50000000       4.50000000       5.50000000       6.50000000       7.50000000    
 Each class is data <= limit, the very last > last limit
 Total number of values      247687
                                                       OBSERVATION
                                  17102     3843     3723     2097     1090     1336     1460     1180     2176 |     34007
                                   4014     1309     1417     1084      720      934     1186     1236     2055 |     13955
                                   2219      860      936      775      575      783      994     1198     1725 |     10065
                                   1681      661      756      662      557      762     1009     1181     1887 |      9156
                      rednmc02     1403      640      689      661      550      775     1003     1319     2030 |      9070
                                   1350      560      685      608      518      822     1066     1485     2387 |      9481
                                   1370      647      681      689      590      820     1258     1957     3320 |     11332
                                   1692      839      859      902      843     1189     1893     3158     5611 |     16986
                                   5153     2932     2875     2944     3155     5007     9265    30087    72217 |    133635

                    SUM           35984    12291    12621    10422     8598    12428    19134    42801    93408 |    247687
                                                       OBSERVATION
                                  18042     4090     3961     2244     1167     1426     1572     1344     2374 |     36220
                                   3988     1335     1525     1135      794     1011     1295     1320     2125 |     14528
                                   2152      880      940      801      608      892     1099     1254     1913 |     10539
                                   1560      705      787      664      548      791     1022     1257     2067 |      9401
             rednmc02_QinLSMIX     1382      588      672      658      531      753     1098     1324     2173 |      9179
                                   1342      558      648      655      583      813     1113     1595     2503 |      9810
                                   1309      608      639      679      574      888     1317     2087     3343 |     11444
                                   1677      773      854      838      870     1174     1944     3332     5784 |     17246
                                   4532     2754     2595     2748     2923     4680     8674    29288    71126 |    129320

                    SUM           35984    12291    12621    10422     8598    12428    19134    42801    93408 |    247687

