 <pre>

 Contingency table for Low clouds (octas)
 Selection: ALL    632 stations
Period: 20250702-20250714
Used {00,12} + 01 02 ... 36
 Limits    1.0000000000000000        2.0000000000000000        3.0000000000000000        4.0000000000000000        5.0000000000000000        6.0000000000000000        7.0000000000000000     
 Each class is data <= limit, the very last > last limit
 Total number of values      324573
                                              OBSERVATION
                                 121220     7429     5330     3424     3404     3195     4515     5752 |    154269
                                   7234     1205     1097      827      807      766     1245     1591 |     14772
                                   4804     1084      937      722      680      620     1059     1390 |     11296
                      rednmc02     3928      879      855      664      652      587     1098     1323 |      9986
                                   3433      830      813      632      604      580     1042     1424 |      9358
                                   3232      836      833      607      617      631     1247     1612 |      9615
                                   4150     1111     1086      869      863      872     1722     2549 |     13222
                                  15323     6263     6090     5724     5973     6798    16215    39669 |    102055

                    SUM          163324    19637    17041    13469    13600    14049    28143    55310 |    324573
                                              OBSERVATION
                                 126788     7975     5744     3789     3723     3412     4920     6346 |    162697
                                   6141     1244     1084      773      832      762     1215     1705 |     13756
                                   4379      954      936      757      678      676     1182     1480 |     11042
                      QinLSMIX     3432      883      804      637      595      620     1070     1424 |      9465
                                   3044      809      775      635      603      606     1060     1460 |      8992
                                   2910      801      829      655      648      601     1235     1659 |      9338
                                   3633     1006     1006      800      895      839     1768     2543 |     12490
                                  12997     5965     5863     5423     5626     6533    15693    38693 |     96793

                    SUM          163324    19637    17041    13469    13600    14049    28143    55310 |    324573

