 <pre>

 Contingency table for Cloud base (m)
 Selection: ALL    640 stations
Period: 20250702-20250731
Used {00} + 01 02 ... 36
 Limits    70.0000000       150.000000       300.000000       600.000000       1000.00000       1500.00000       2500.00000       5000.00000    
 Each class is data <= limit, the very last > last limit
 Total number of values      374860
                                                       OBSERVATION
                                   1846     1222      829      316      174       73       78      235      810 |      5583
                                    765     1749     1499      733      279       81       71      101      207 |      5485
                                    682     2809     5858     3532     1161      404      257      306      507 |     15516
                                    435     1348     5121     9052     3711     1147      798      773     1209 |     23594
                      rednmc02      341      840     2333     6638     8811     3457     1806     1397     2283 |     27906
                                    334      597     1744     3569     6145     7697     4227     2223     3961 |     30497
                                    485      715     1842     3361     4732     6051    10780     5946     8497 |     42409
                                    289      471     1111     2468     3808     2949     5193    10950     5267 |     32506
                                   2132     1559     3104     7925    14349    13797    14783    20629   113086 |    191364

                    SUM            7309    11310    23441    37594    43170    35656    37993    42560   135827 |    374860
                                                       OBSERVATION
                                   1787     1228      804      365      147       77       94      209      737 |      5448
                                    694     1648     1391      576      246       73       45      100      159 |      4932
                                    696     2660     5438     3138      991      318      280      275      405 |     14201
                                    411     1305     5137     8748     3168     1015      661      565      881 |     21891
             rednmc02_QinLSMIX      285      830     2368     6783     8356     2845     1560     1120     1873 |     26020
                                    322      634     1723     3511     6412     7694     3862     2025     3180 |     29363
                                    381      728     1747     3328     4733     6171    10639     5352     6359 |     39438
                                    299      469     1321     2590     3726     3031     5449    10910     4383 |     32178
                                   2434     1808     3512     8555    15391    14432    15403    22004   117850 |    201389

                    SUM            7309    11310    23441    37594    43170    35656    37993    42560   135827 |    374860

