 <pre>

 Contingency table for Visibility (m)
 Selection: ALL    685 stations
Period: 20260217-20260217
Used {00} + 00 03 ... 48
 Limits    1000.00000       5000.00000       10000.0000       20000.0000    
 Each class is data <= limit, the very last > last limit
 Total number of values       10777
                                     OBSERVATION
                                     19       21       11        6        2 |        59
                                     43      462      278      295      255 |      1333
            cy46_preop_v2_test       24      224      263      273      317 |      1101
                                     24      185      534     1094     1438 |      3275
                                     41      324      601     1605     2438 |      5009

                    SUM             151     1216     1687     3273     4450 |     10777
                                     OBSERVATION
                                     21       27       11        9        3 |        71
                                     40      439      261      257      239 |      1236
   cy46_preop_v2_test_QinLSmix       23      229      259      261      323 |      1095
                                     24      181      542     1103     1426 |      3276
                                     43      340      614     1643     2459 |      5099

                    SUM             151     1216     1687     3273     4450 |     10777

