 <pre>

 Contingency table for Visibility (m)
 Selection: ALL    698 stations
Period: 20250702-20250731
Used {00} + 00 01 ... 36
 Limits    1000.00000       5000.00000       10000.0000       20000.0000    
 Each class is data <= limit, the very last > last limit
 Total number of values      498373
                                     OBSERVATION
                                   1617      987      805      985      769 |      5163
                                   2029     4558     6038     8481     6225 |     27331
                      rednmc02     1754     5738    10279    23489    25798 |     67058
                                    971     3367     9153    31756    66570 |    111817
                                   1088     2905    12430    65116   205465 |    287004

                    SUM            7459    17555    38705   129827   304827 |    498373
                                     OBSERVATION
                                   1596      996      715      933      734 |      4974
                                   1958     4301     5672     7708     5143 |     24782
             rednmc02_QinLSMIX     1726     5560    10153    22025    23262 |     62726
                                   1024     3610     9434    31261    63637 |    108966
                                   1155     3088    12731    67900   212051 |    296925

                    SUM            7459    17555    38705   129827   304827 |    498373

