 <pre>

 Contingency table for Visibility (m)
 Selection: ALL    697 stations
Period: 20250702-20250720
Used {00,12} + 00 01 ... 36
 Limits    1000.0000000000000        5000.0000000000000        10000.000000000000        20000.000000000000     
 Each class is data <= limit, the very last > last limit
 Total number of values      626225
                                     OBSERVATION
                                   1918     1299      995     1200     1124 |      6536
                                   2126     5145     6739     9618     7455 |     31083
                      rednmc02     2090     6788    11930    27097    30365 |     78270
                                    970     3907    10488    36898    78778 |    131041
                                   1113     3359    15690    82952   276181 |    379295

                    SUM            8217    20498    45842   157765   393903 |    626225
                                     OBSERVATION
                                   1878     1339      954     1189     1007 |      6367
                                   2003     4823     6193     8529     6224 |     27772
                      QinLSMIX     2090     6495    11702    25358    27107 |     72752
                                   1080     4293    10876    36655    75116 |    128020
                                   1166     3548    16117    86034   284449 |    391314

                    SUM            8217    20498    45842   157765   393903 |    626225

